Mutation	1.Ref	1.Alt	1.VAF	1.CN	23.Ref	23.Alt	23.VAF	23.CN	24.Ref	24.Alt	24.VAF	24.CN	25.Ref	25.Alt	25.VAF	25.CN	26.Ref	26.Alt	26.VAF	26.CN	4.Ref	4.Alt	4.VAF	4.CN	5.Ref	5.Alt	5.VAF	5.CN	6.Ref	6.Alt	6.VAF	6.CN	7.Ref	7.Alt	7.VAF	7.CN	9.Ref	9.Alt	9.VAF	9.CN
11:35287017	7	1	0.125	2.1159	10	4	0.2857	2.213	23	0	0	2.1499	12	1	0.0769	2.1318	9	3	0.25	2.252	11	1	0.0833	2.8753	14	2	0.125	2.6383	7	2	0.2222	2.19	10	4	0.2857	2.7232	29	3	0.0938	2.5058
11:60269505	101	32	0.2406	2.3478	115	29	0.2014	3.1848	116	31	0.2109	2.2842	121	23	0.1597	2.5958	109	24	0.1805	2.2684	120	32	0.2105	2.5102	133	38	0.2222	3.0001	121	13	0.097	3.0001	102	22	0.1774	2.9426	163	43	0.2087	2.6995
11:65413699	426	1	0.0023	2.1019	383	0	0	2.1357	344	1	0.0029	2.184	359	41	0.1025	2.0958	371	1	0.0027	2.3055	293	58	0.1652	2.1202	387	0	0	2.2221	355	2	0.0056	2.1485	343	0	0	2.4074	534	1	0.0019	2.1742
11:65771358	14	6	0.3	2.1019	15	8	0.3478	1.9673	24	7	0.2258	1.9074	20	15	0.4286	1.964	16	16	0.5	2.0864	16	13	0.4483	1.9367	11	9	0.45	2.0028	19	19	0.5	1.953	9	10	0.5263	1.8957	36	30	0.4545	2.0141
12:111856399	18	21	0.5385	2.1105	19	7	0.2692	1.7198	20	5	0.2	1.8645	9	10	0.5263	1.791	12	9	0.4286	1.7831	12	9	0.4286	1.6	20	12	0.375	2.0881	20	12	0.375	2.8983	16	14	0.4667	1.6704	20	24	0.5455	1.911
12:11285909	75	1	0.0132	3.0001	92	10	0.098	4	97	9	0.0849	4	105	10	0.087	3.0001	59	3	0.0484	3.0001	78	4	0.0488	3.0001	109	5	0.0439	3.0001	105	5	0.0455	3.0001	55	7	0.1129	3.0001	168	4	0.0233	3.0001
12:133796008	111	63	0.3621	1.8665	101	41	0.2887	1.5377	97	54	0.3576	1.7284	73	34	0.3178	1.4871	94	26	0.2167	1.5637	100	30	0.2308	1.3241	99	59	0.3734	1.4016	75	38	0.3363	1.7479	108	25	0.188	1.3075	135	76	0.3602	1.5383
12:3649768	8	1	0.1111	1.9686	4	1	0.2	1.7261	1	1	0.5	1.7756	1	0	0	1.784	4	2	0.3333	1.6804	6	0	0	1.5719	12	2	0.1429	2.0094	6	1	0.1429	1.8177	2	0	0	1.4925	9	4	0.3077	1.8675
12:50151844	3	0	0	2.0243	15	1	0.0625	2.1076	11	0	0	2.3648	10	1	0.0909	2.0285	10	2	0.1667	2.0493	9	0	0	2.0163	5	6	0.5455	1.9902	7	0	0	2.1456	21	1	0.0455	1.9715	22	4	0.1538	2.4171
12:50369285	100	54	0.3506	2.0243	56	41	0.4227	2.1076	84	45	0.3488	2.3648	68	35	0.3398	2.0285	59	56	0.487	2.0493	74	47	0.3884	2.0163	82	57	0.4101	1.9902	72	46	0.3898	2.1456	51	62	0.5487	2.0561	141	80	0.362	2.4074
12:62887931	17	9	0.3462	3.0001	19	16	0.4571	4	29	17	0.3696	4	24	9	0.2727	2.7119	14	11	0.44	3.0001	24	16	0.4	3.0001	22	18	0.45	3.0001	14	13	0.4815	3.0001	12	7	0.3684	2.7034	29	31	0.5167	3.0001
13:113201894	352	1	0.0028	1.2039	319	46	0.126	1.5479	400	2	0.005	1.5238	441	2	0.0045	1.5979	230	52	0.1844	1.4591	282	51	0.1532	1	480	3	0.0062	1.5975	386	3	0.0077	1.5272	317	1	0.0031	1.5102	551	58	0.0952	1.5783
13:46057444	41	0	0	1.9921	69	27	0.2813	2.9096	103	2	0.019	3.2941	76	18	0.1915	3.0001	65	18	0.2169	3.0001	81	23	0.2212	3.0001	86	18	0.1731	3.0001	69	12	0.1481	2.2405	63	23	0.2674	2.8823	141	0	0	2.8767
13:99970267	12	0	0	1.3543	10	1	0.0909	1.7528	11	0	0	1.5519	23	0	0	1.787	7	2	0.2222	1.7474	12	3	0.2	1.7008	14	0	0	1.8513	11	0	0	1.6774	12	0	0	1.8197	15	4	0.2105	1.6821
14:19990801	5	0	0	2	8	3	0.2727	2	8	1	0.1111	1.5299	10	5	0.3333	2	8	3	0.2727	2.0715	5	3	0.375	2	5	0	0	2	5	3	0.375	1.6076	11	4	0.2667	1.6724	8	2	0.2	1.5492
14:21487315	126	46	0.2674	1.557	108	38	0.2603	1.6085	116	42	0.2658	1.6711	177	43	0.1955	1.6454	89	39	0.3047	1.6558	146	28	0.1609	1.7242	149	33	0.1813	1.6512	103	29	0.2197	1.6657	119	34	0.2222	1.6606	179	76	0.298	1.6283
14:47120123	0	1	1	1.4868	1	1	0.5	1.7447	1	0	0	1.7021	6	5	0.4545	1.741	1	0	0	1.8385	3	0	0	1.7587	3	3	0.5	1.7183	5	1	0.1667	1.8061	5	3	0.375	1.711	6	1	0.1429	1.7049
14:52735190	114	46	0.2875	1.5812	106	17	0.1382	1.5102	82	22	0.2115	1.6565	121	25	0.1712	1.6417	105	27	0.2045	1.6638	113	26	0.1871	1.6017	109	25	0.1866	1.6006	111	26	0.1898	1.6994	100	22	0.1803	1.5492	134	48	0.2637	1.5363
14:96769617	112	0	0	1.3626	185	8	0.0415	1.7224	174	0	0	1.5499	178	20	0.101	1.5361	127	24	0.1589	1.5705	155	70	0.3111	1.5932	189	1	0.0053	1.5776	189	12	0.0597	1.6295	166	0	0	1.5713	224	1	0.0044	1.6153
15:40328471	43	22	0.3385	2.2093	46	29	0.3867	2.0839	48	37	0.4353	2.2461	66	23	0.2584	2.1806	26	37	0.5873	2.1906	42	44	0.5116	2.3948	59	32	0.3516	2.0769	31	14	0.3111	2.0747	29	41	0.5857	2.1508	80	29	0.2661	1.7543
15:43282241	45	15	0.25	2.0756	40	30	0.4286	1.8282	58	15	0.2055	1.6768	59	24	0.2892	1.7575	47	23	0.3286	1.9764	73	11	0.131	2.0283	49	25	0.3378	1.5678	24	24	0.5	1.4516	52	26	0.3333	1.6474	45	28	0.3836	1.6001
15:43585279	0	4	1	2.0756	7	5	0.4167	1.8534	6	5	0.4545	1.974	5	2	0.2857	1.9245	1	1	0.5	2.0549	4	4	0.5	2.0085	1	1	0.5	1.9164	9	8	0.4706	1.857	3	7	0.7	1.7898	6	11	0.6471	1.604
15:43622103	233	1	0.0043	2.0756	156	1	0.0064	1.8534	140	43	0.235	1.974	222	0	0	1.9245	231	1	0.0043	2.0549	226	0	0	2.0085	192	12	0.0588	1.9164	206	0	0	1.857	224	0	0	2.0478	246	5	0.0199	1.604
15:48722747	33	38	0.5352	2.2683	50	42	0.4565	1.9391	29	25	0.463	2.0622	44	35	0.443	1.9989	53	41	0.4362	2.145	34	37	0.5211	2.03	54	27	0.3333	1.8974	35	31	0.4697	1.9587	38	44	0.5366	2.0967	50	47	0.4845	1.5784
15:56394536	16	2	0.1111	3.0001	25	2	0.0741	4	28	4	0.125	4	26	3	0.1034	3.0001	18	2	0.1	3.0001	22	2	0.0833	3.0001	22	2	0.0833	3.0001	28	1	0.0345	3.0001	22	2	0.0833	3.0001	25	2	0.0741	3.0001
15:73536675	87	0	0	2.0861	80	1	0.0123	2.471	75	0	0	2.0422	118	12	0.0923	2.0335	98	6	0.0577	2.5347	87	19	0.1792	2.2417	106	1	0.0093	2.2213	64	0	0	1.9012	81	0	0	2.0839	88	0	0	1.8988
15:81641692	60	0	0	1.9622	54	5	0.0847	1.8732	65	0	0	1.9293	49	3	0.0577	1.9066	37	3	0.075	2.1332	41	11	0.2115	2.0006	64	3	0.0448	1.8982	60	2	0.0323	1.8646	39	0	0	2.031	67	0	0	1.5967
15:83499273	30	19	0.3878	1.932	42	8	0.16	1.8685	47	0	0	1.9874	41	12	0.2264	1.9264	37	6	0.1395	2.0878	36	8	0.1818	2.3137	42	8	0.16	1.9565	39	8	0.1702	2.4688	45	14	0.2373	2.05	64	3	0.0448	2.1646
16:89294574	24	60	0.7143	1.2558	22	55	0.7143	1.0993	35	59	0.6277	1.2271	44	56	0.56	1.2655	24	42	0.6364	1.2013	43	47	0.5222	1.2328	24	42	0.6364	1.0546	23	39	0.629	1.3107	14	62	0.8158	1.0912	37	72	0.6606	1.1401
17:1648406	33	16	0.3265	1.6458	27	21	0.4375	1.5925	27	23	0.46	1.9797	37	13	0.26	1.7054	26	25	0.4902	1.6177	36	20	0.3571	1.6397	39	23	0.371	1.7855	27	28	0.5091	1.735	24	25	0.5102	1.5625	59	29	0.3295	1.9873
17:49362592	15	3	0.1667	2.0493	32	1	0.0303	2.0128	31	5	0.1389	2.0797	43	2	0.0444	3.0001	22	0	0	1.6984	34	1	0.0286	2.1618	23	3	0.1154	1.9921	25	2	0.0741	1.9764	34	2	0.0556	2.3612	36	2	0.0526	2.1889
17:73497272	249	1	0.004	1.9187	138	0	0	1.7668	134	0	0	1.8532	191	0	0	1.8573	133	2	0.0148	1.6181	176	0	0	1.9183	197	0	0	1.8318	172	1	0.0058	1.7956	161	1	0.0062	2.0714	216	40	0.1563	1.9374
18:14534886	18	2	0.1	3.0001	38	4	0.0952	4	19	1	0.05	4	19	3	0.1364	2	10	1	0.0909	3.0001	23	0	0	3.0001	18	0	0	3.0001	16	0	0	3.0001	21	1	0.0455	2	23	3	0.1154	2
18:32917874	5	0	0	3.0001	14	0	0	3.4502	9	0	0	4	12	3	0.2	3.0001	4	1	0.2	3.0001	6	0	0	3.0001	11	5	0.3125	2	4	3	0.4286	3.0001	10	0	0	3.0001	9	0	0	3.0001
18:44113308	23	33	0.5893	1.8972	46	36	0.439	1.8478	53	26	0.3291	1.9077	55	41	0.4271	1.8988	25	17	0.4048	1.7391	54	25	0.3165	2.0347	53	35	0.3977	1.877	49	21	0.3	1.863	52	37	0.4157	1.8363	77	72	0.4832	1.8869
18:46904950	15	13	0.4643	2.1299	18	11	0.3793	1.9165	41	21	0.3387	2.3217	38	10	0.2083	2.0427	8	12	0.6	1.8088	26	10	0.2778	2.0281	28	14	0.3333	3.0001	26	11	0.2973	1.9997	14	7	0.3333	2.1335	28	28	0.5	2.0864
19:10206984	9	7	0.4375	2.0986	17	6	0.2609	1.9465	7	5	0.4167	2.0565	7	4	0.3636	1.9376	8	12	0.6	1.8081	24	14	0.3684	1.9697	22	9	0.2903	1.9936	20	10	0.3333	1.9686	13	14	0.5185	1.9599	15	11	0.4231	1.9688
19:36293637	3	1	0.25	2.1311	8	1	0.1111	1.8399	6	0	0	1.7276	2	0	0	1.7422	18	0	0	1.6292	6	0	0	1.7461	9	0	0	2.0549	9	1	0.1	1.7446	16	3	0.1579	1.7434	14	2	0.125	1.8103
19:37310662	52	45	0.4639	2.7645	74	36	0.3273	3.1764	81	53	0.3955	3.536	81	45	0.3571	2.5984	63	23	0.2674	2.7368	71	47	0.3983	2.1859	62	47	0.4312	2.6252	70	29	0.2929	2.7821	65	41	0.3868	2.695	101	69	0.4059	2.8503
19:39075660	241	220	0.4772	2.0685	196	112	0.3636	1.8787	194	138	0.4157	1.8357	236	133	0.3604	1.8186	191	75	0.282	1.7848	250	116	0.3169	1.7941	284	141	0.3318	1.8867	222	93	0.2952	1.8634	180	151	0.4562	1.7393	307	227	0.4251	1.8093
19:41198272	109	107	0.4954	2.1421	53	44	0.4536	2.015	67	63	0.4846	2.053	83	37	0.3083	1.9613	51	54	0.5143	1.8159	105	57	0.3519	2.0177	112	54	0.3253	2.1798	101	51	0.3355	2.0175	65	61	0.4841	2.0645	95	74	0.4379	1.9818
19:51919085	41	3	0.0682	2.1005	21	4	0.16	1.9107	41	3	0.0682	1.8307	38	3	0.0732	1.7209	35	1	0.0278	1.5898	38	0	0	1.8775	46	1	0.0213	1.7473	53	3	0.0536	2.0149	32	0	0	1.6876	66	5	0.0704	1.7513
19:52129411	68	0	0	2.1649	69	4	0.0548	1.9845	90	0	0	2.0191	72	0	0	1.86	42	0	0	1.7628	72	0	0	2.0296	94	0	0	2.0168	48	0	0	1.9364	56	15	0.2113	1.7076	127	1	0.0078	1.7789
1:10132505	8	0	0	2.0265	19	3	0.1364	1.9049	10	1	0.0909	1.8908	15	1	0.0625	1.9221	12	3	0.2	1.961	14	3	0.1765	1.9307	8	0	0	1.9095	19	1	0.05	2	17	0	0	1.9371	19	0	0	2.2205
1:110932130	8	0	0	1.9636	15	1	0.0625	1.9967	8	1	0.1111	1.897	5	1	0.1667	1.8162	9	1	0.1	1.863	9	1	0.1	1.912	20	2	0.0909	1.9715	17	1	0.0556	1.4434	9	0	0	1.944	18	1	0.0526	1.9248
1:152082310	40	2	0.0476	2.3478	34	2	0.0556	2.3753	17	0	0	2.2372	21	2	0.087	2.1936	35	4	0.1026	2.4444	35	2	0.0541	2.1415	47	3	0.06	2.2611	22	1	0.0435	2.2087	37	2	0.0513	2.3475	49	2	0.0392	2.2728
1:155447740	151	129	0.4607	2.0037	162	135	0.4545	2.043	170	107	0.3863	2.0439	218	85	0.2805	2.5637	155	85	0.3542	2.4118	190	125	0.3968	2.0297	177	135	0.4327	2.7089	179	71	0.284	2.0594	110	120	0.5217	2.1464	220	203	0.4799	2.026
1:157963400	16	30	0.6522	2.033	30	18	0.375	2.0858	18	19	0.5135	1.9711	33	23	0.4107	1.997	24	14	0.3684	2.1586	29	14	0.3256	1.9826	24	19	0.4419	2.0668	20	11	0.3548	2.0335	13	28	0.6829	2.0008	42	28	0.4	2.0108
1:158325745	168	35	0.1724	2.033	142	0	0	2.0858	164	0	0	1.9711	171	2	0.0116	1.997	150	11	0.0683	2.1586	165	0	0	1.9826	147	4	0.0265	2.0668	181	14	0.0718	2.0335	202	0	0	2.0008	203	1	0.0049	2.0108
1:169492462	97	19	0.1638	2.8705	229	33	0.126	3.234	207	3	0.0143	3.4091	148	41	0.2169	2.7599	162	29	0.1518	3.0001	159	47	0.2282	2.7982	163	32	0.1641	2.7885	142	23	0.1394	2.8023	162	47	0.2249	3.0001	307	3	0.0097	3.0001
1:203453296	14	3	0.1765	1.9271	13	0	0	1.9833	14	2	0.125	1.9009	22	3	0.12	1.8971	12	4	0.25	1.962	14	1	0.0667	1.9376	13	1	0.0714	1.9587	25	1	0.0385	1.9477	15	1	0.0625	1.9151	21	9	0.3	1.8779
1:23724019	47	24	0.338	2.0728	39	13	0.25	2.077	38	20	0.3448	2.0545	41	17	0.2931	2.0264	46	23	0.3333	2.1376	47	28	0.3733	2.0727	41	24	0.3692	2.0451	45	21	0.3182	2.1358	41	26	0.3881	2.112	90	39	0.3023	2.4841
1:237777756	137	1	0.0072	1.151	94	14	0.1296	1.3331	103	0	0	1.3548	83	21	0.2019	1.3303	50	22	0.3056	1.5469	83	37	0.3083	1.4214	126	0	0	1.3133	101	7	0.0648	1.4456	102	1	0.0097	1.4108	158	0	0	1.3691
1:24998286	5	0	0	2.1088	5	1	0.1667	2.1531	8	0	0	2.0061	4	3	0.4286	2.0199	2	0	0	2.2603	4	2	0.3333	2.2694	0	2	1	2.0243	5	2	0.2857	2.1652	6	1	0.1429	2.1344	9	1	0.1	2.4951
1:26870962	3	2	0.4	1.9909	6	1	0.1429	1.9665	9	0	0	1.895	3	0	0	1.9102	7	2	0.2222	1.9751	9	1	0.1	1.9883	12	1	0.0769	1.9179	8	0	0	1.938	7	4	0.3636	1.9137	15	2	0.1176	2.2732
1:3638549	91	44	0.3259	2.0096	72	44	0.3793	1.9688	47	32	0.4051	1.8762	68	32	0.32	1.9058	87	46	0.3459	2.021	70	31	0.3069	1.8447	71	47	0.3983	1.8964	74	30	0.2885	1.9759	40	45	0.5294	1.879	132	60	0.3125	2.1313
1:39888527	55	37	0.4022	2.0629	53	34	0.3908	2.145	64	33	0.3402	2.0136	81	32	0.2832	2.0493	21	40	0.6557	2.0631	57	31	0.3523	2.0659	64	39	0.3786	1.986	61	25	0.2907	2.0508	60	42	0.4118	2.0307	122	20	0.1408	2.106
1:44459219	11	2	0.1538	1.986	10	4	0.2857	2.0224	5	0	0	1.9552	12	0	0	1.953	7	0	0	2.016	6	5	0.4545	1.9961	4	1	0.2	1.9935	12	0	0	1.995	2	1	0.3333	1.9556	9	3	0.25	1.9614
1:85644102	8	1	0.1111	3.0001	15	6	0.2857	2	31	5	0.1389	4	28	4	0.125	3.0001	0	3	1	3.0001	24	8	0.25	3.0001	21	10	0.3226	3.0001	15	8	0.3478	3.0001	17	4	0.1905	3.0001	30	2	0.0625	3.0001
20:30414340	18	13	0.4194	1.9741	32	23	0.4182	1.984	39	15	0.2778	1.937	43	18	0.2951	1.9837	25	23	0.4792	2.1313	50	21	0.2958	1.9682	39	18	0.3158	1.9852	40	15	0.2727	2.0072	23	19	0.4524	1.8529	56	28	0.3333	1.918
20:32358141	15	1	0.0625	1.9741	16	2	0.1111	2.0417	9	1	0.1	2.181	11	2	0.1538	2.0402	23	2	0.08	2.2191	11	1	0.0833	2.0819	17	3	0.15	2.1354	17	1	0.0556	2.1541	17	5	0.2273	2.0008	17	6	0.2609	2.0661
20:35441382	1	4	0.8	1.9741	2	7	0.7778	1.84	4	4	0.5	1.8715	0	1	1	1.8987	10	2	0.1667	1.8777	7	3	0.3	1.9116	9	3	0.25	1.9339	4	4	0.5	1.9832	3	1	0.25	1.8843	4	6	0.6	1.8933
20:55907112	12	1	0.0769	2.0629	22	2	0.0833	2.7926	10	0	0	2.9849	19	2	0.0952	3.0001	6	1	0.1429	3.0001	17	0	0	2.7192	14	3	0.1765	1.9391	21	2	0.087	2.5711	30	2	0.0625	2.6507	11	1	0.0833	2.7673
20:57897621	5	4	0.4444	2.0629	0	4	1	1.9946	7	4	0.3636	2.0166	3	4	0.5714	1.9725	4	3	0.4286	2.1324	6	4	0.4	2.0345	9	6	0.4	2.0341	6	2	0.25	1.9805	6	2	0.25	1.9967	8	13	0.619	1.926
20:62421700	325	202	0.3833	2.1063	215	152	0.4142	1.731	254	110	0.3022	2.0525	267	173	0.3932	1.9399	280	184	0.3966	2.1376	271	177	0.3951	1.9541	353	230	0.3945	2.1295	344	102	0.2287	2.0723	240	194	0.447	2.0602	439	292	0.3995	1.953
22:40271433	24	19	0.4419	1.632	11	11	0.5	1.513	12	18	0.6	1.6762	17	16	0.4848	2	16	26	0.619	2	17	14	0.4516	2.1464	18	15	0.4545	1.6113	23	12	0.3429	1.7376	16	32	0.6667	2	17	24	0.5854	1.6329
22:42970288	0	2	1	1.1268	1	0	0	1.1258	1	3	0.75	1.2895	3	11	0.7857	1.2604	1	3	0.75	1.1835	5	0	0	1.2895	0	6	1	1.1371	1	6	0.8571	1.2247	0	8	1	1.1479	2	1	0.3333	1.1665
22:47087599	226	1	0.0044	2.0398	158	1	0.0063	1.8505	162	1	0.0061	1.9838	176	15	0.0785	1.863	183	1	0.0054	2.0037	166	39	0.1902	1.9115	256	0	0	1.9453	212	4	0.0185	1.9078	144	1	0.0069	1.8086	199	0	0	1.6054
2:128735644	57	24	0.2963	1.5256	49	51	0.51	1.9666	67	28	0.2947	1.6355	86	64	0.4267	2.0022	40	43	0.5181	1.9637	81	53	0.3955	2.1202	78	63	0.4468	1.893	63	35	0.3571	1.9807	65	46	0.4144	2.1037	88	77	0.4667	2.0051
2:130915668	61	1	0.0161	1.5805	53	3	0.0536	2.195	50	0	0	1.8456	65	2	0.0299	2.203	41	2	0.0465	2.044	59	0	0	2.1143	65	6	0.0845	1.9903	59	2	0.0328	1.9982	96	1	0.0103	2.2841	83	1	0.0119	1.9421
2:169997124	44	17	0.2787	1.6221	34	44	0.5641	2.6344	42	27	0.3913	2.2937	31	36	0.5373	2.7155	31	51	0.622	2.2383	42	65	0.6075	2.7804	56	64	0.5333	1.9774	48	45	0.4839	2.1971	53	71	0.5726	2.8269	88	55	0.3846	2.0884
2:192922279	9	0	0	2.1687	20	1	0.0476	3.1519	18	2	0.1	3.0279	18	1	0.0526	3.0001	16	3	0.1579	3.0001	18	0	0	3.0001	22	2	0.0833	2.8727	7	4	0.3636	2.8669	19	3	0.1364	3.0001	12	3	0.2	2.9392
2:220357443	67	71	0.5145	1.6432	107	66	0.3815	2.271	60	31	0.3407	2	71	47	0.3983	2.2182	89	61	0.4067	2.4402	106	62	0.369	2.2651	81	65	0.4452	2.2509	55	40	0.4211	2.1205	114	72	0.3871	2.4289	116	74	0.3895	2.0885
2:25469200	153	32	0.173	1.7874	92	118	0.5619	2.2012	164	52	0.2407	1.9862	114	82	0.4184	2.1501	104	47	0.3113	1.9838	135	86	0.3891	2.2147	127	80	0.3865	2.2176	132	49	0.2707	1.9494	110	113	0.5067	2.2847	134	100	0.4274	2.0226
2:44548425	20	1	0.0476	2.7876	43	6	0.1224	3.8299	45	2	0.0426	3.3736	59	3	0.0484	3.0001	36	7	0.1628	3.0001	44	4	0.0833	3.0001	50	4	0.0741	3.0001	30	1	0.0323	3.0001	56	6	0.0968	3.0001	54	9	0.1429	3.0001
2:96970517	89	42	0.3206	1.5616	76	110	0.5914	2.1363	101	51	0.3355	1.8819	114	106	0.4818	2.1546	65	54	0.4538	2.0928	106	103	0.4928	2.1898	105	89	0.4588	2.0056	73	45	0.3814	1.9432	118	98	0.4537	2.2964	140	80	0.3636	1.9759
3:121435808	187	0	0	2.6246	179	4	0.0219	3.1444	180	24	0.1176	3.2158	203	0	0	2.6467	182	0	0	2.8122	175	0	0	2.7559	196	13	0.0622	2.7595	210	5	0.0233	2.8606	166	1	0.006	2.8369	270	47	0.1483	3.0001
3:122944283	5	1	0.1667	2.0062	12	23	0.6571	2.2699	8	7	0.4667	2.3666	12	13	0.52	2.0833	2	1	0.3333	2.093	18	16	0.4706	2.7027	6	11	0.6471	2.195	12	11	0.4783	2.2026	9	7	0.4375	1.9996	18	30	0.625	2.4722
3:142984890	85	18	0.1748	2.353	100	0	0	2.8056	95	0	0	2.969	77	2	0.0253	2.5521	79	6	0.0706	2.6917	99	0	0	2.5957	110	0	0	2.6675	83	4	0.046	2.6673	80	0	0	2.5086	134	0	0	3.0001
3:183679331	124	67	0.3508	2.0175	108	88	0.449	2.2323	127	74	0.3682	2.4006	109	63	0.3663	2.075	77	86	0.5276	2.0959	125	79	0.3873	2.0964	126	78	0.3824	2.0248	125	57	0.3132	2.1992	117	79	0.4031	1.9102	221	130	0.3704	2.4955
3:52741601	10	0	0	2.219	10	1	0.0909	2.4021	14	3	0.1765	2.2358	16	1	0.0588	2.4215	11	2	0.1538	1.9487	14	0	0	1.9299	6	1	0.1429	2.0549	20	1	0.0476	2.328	12	2	0.1429	1.9193	23	2	0.08	2.6684
4:118005971	61	13	0.1757	2.0668	108	0	0	2.0962	132	0	0	2.9197	95	4	0.0404	2.2936	103	2	0.019	2.3217	140	2	0.0141	2.1904	122	3	0.024	2.1693	113	13	0.1032	2.1048	130	0	0	2.18	165	0	0	2.2315
4:144451500	12	3	0.2	2.0828	16	5	0.2381	2.1807	18	2	0.1	2	12	0	0	2.203	12	0	0	2.3507	20	1	0.0476	2.3938	10	0	0	2.0248	10	1	0.0909	2.024	17	1	0.0556	2.3254	23	1	0.0417	2.1723
4:1806540	23	27	0.54	1.7416	14	8	0.3636	1.5784	39	14	0.2642	2.0912	17	29	0.6304	1.6588	24	22	0.4783	1.7269	19	22	0.5366	1.7462	22	28	0.56	1.767	26	11	0.2973	1.7298	13	13	0.5	1.5187	42	26	0.3824	1.6413
4:6050742	14	19	0.5758	1.615	18	11	0.3793	1.4843	24	13	0.3514	1.7814	16	23	0.5897	1.6021	17	31	0.6458	1.6173	11	16	0.5926	1.5882	13	31	0.7045	1.5815	23	18	0.439	1.6355	9	34	0.7907	1.4815	30	21	0.4118	1.5388
4:8034546	44	24	0.3529	1.615	46	24	0.3429	1.4843	29	29	0.5	1.7814	39	11	0.22	1.5846	44	14	0.2414	1.6173	59	21	0.2625	1.5882	48	9	0.1579	1.4511	42	17	0.2881	1.6097	37	15	0.2885	1.4531	34	42	0.5526	1.5241
4:8216010	2	3	0.6	1.615	4	0	0	1.4843	6	2	0.25	1.7814	5	2	0.2857	1.5846	1	0	0	1.6173	12	0	0	1.5882	6	2	0.25	1.4511	6	1	0.1429	1.6097	6	3	0.3333	1.6009	4	5	0.5556	1.5241
4:96143426	5	0	0	1.8962	6	0	0	2.0274	13	1	0.0714	2.3466	19	1	0.05	2.3301	5	2	0.2857	1.9667	9	5	0.3571	1.9747	14	0	0	1.9797	10	2	0.1667	2.0177	10	3	0.2308	1.9328	13	0	0	2.0638
5:170626462	30	2	0.0625	3.0001	32	1	0.0303	3.6336	50	6	0.1071	3.2875	55	6	0.0984	3.0001	37	1	0.0263	3.0001	45	1	0.0217	3.0001	36	3	0.0769	3.0001	26	2	0.0714	3.0001	26	3	0.1034	3.0001	38	3	0.0732	3.0001
5:53814224	221	0	0	1.8775	213	0	0	2.4834	163	0	0	2.0096	210	0	0	2.4548	191	0	0	1.9572	210	1	0.0047	2.0163	253	0	0	2.0997	198	4	0.0198	2.2101	236	0	0	2.6405	221	48	0.1784	2.2506
5:87517667	7	7	0.5	2.3009	11	16	0.5926	2.3127	6	13	0.6842	2.1869	17	18	0.5143	2.5224	9	14	0.6087	2.3687	14	12	0.4615	2.0268	28	13	0.3171	2.273	10	12	0.5455	2.3155	22	12	0.3529	2.5017	19	18	0.4865	2.3951
6:108984667	20	12	0.375	1	12	18	0.6	1.1955	21	26	0.5532	1.307	21	20	0.4878	1.3827	22	15	0.4054	1	20	16	0.4444	1.3612	23	33	0.5893	1.1669	27	15	0.3571	1.2678	9	24	0.7273	1.213	11	42	0.7925	1.2561
6:152777087	101	0	0	2.0426	74	5	0.0633	2.7899	109	0	0	2.436	106	1	0.0093	2.1732	106	0	0	3.0001	127	1	0.0078	3.0001	86	0	0	2.0997	62	0	0	2.3466	88	16	0.1538	2.525	111	0	0	1.848
6:41773507	94	158	0.627	1.6354	151	94	0.3837	1.8489	139	128	0.4794	1.9191	184	117	0.3887	1.9682	79	102	0.5635	1.7268	153	104	0.4047	2.0252	172	119	0.4089	1.9766	150	76	0.3363	1.8095	189	128	0.4038	2.0477	269	126	0.319	1.6246
6:43222945	14	3	0.1765	1.6046	6	2	0.25	1.8016	12	1	0.0769	1.9042	6	0	0	1.9213	8	0	0	1.6148	13	3	0.1875	1.9721	20	0	0	1.9766	10	1	0.0909	1.7778	8	0	0	1.903	15	5	0.25	1.6246
6:52441810	13	0	0	1.5037	17	0	0	1.7985	21	0	0	1.8105	21	1	0.0455	1.9374	8	0	0	1.7536	19	0	0	1.9467	19	3	0.1364	1.9114	17	3	0.15	1.706	26	1	0.037	1.9808	50	0	0	1.5928
7:107312534	67	68	0.5037	2.5182	156	34	0.1789	2.3491	134	47	0.2597	2.6666	128	44	0.2558	2.2131	103	57	0.3563	2.5989	150	69	0.3151	2.4046	144	61	0.2976	2.4774	105	51	0.3269	2.16	138	73	0.346	2.4399	200	83	0.2933	2.502
7:14880879	266	1	0.0037	2.7249	276	7	0.0247	3.1545	296	0	0	2.9992	316	32	0.092	2.8095	274	28	0.0927	2.9938	282	25	0.0814	2.9647	336	0	0	2.6978	288	4	0.0137	3.0001	294	1	0.0034	3.0001	427	2	0.0047	2.9974
7:48269459	141	0	0	2.375	148	9	0.0573	2.4264	174	0	0	2.4397	134	4	0.029	2.4703	121	0	0	2.535	192	0	0	2.4238	118	15	0.1128	2.3676	121	7	0.0547	2.4715	112	27	0.1942	2.491	239	0	0	2.4202
7:6826763	2	2	0.5	2.5626	3	1	0.25	2.2395	6	1	0.1429	2.4016	4	0	0	2.4066	4	0	0	2.6469	6	2	0.25	2.4753	7	6	0.4615	2.4851	9	6	0.4	2.4427	6	4	0.4	2.4321	4	1	0.2	2.434
7:99957210	51	58	0.5321	2.5118	33	51	0.6071	2.0605	56	57	0.5044	2.4543	68	71	0.5108	2.3466	44	42	0.4884	2.1988	63	73	0.5368	2.5298	96	105	0.5224	2.3733	67	51	0.4322	2.1741	23	51	0.6892	2.1718	82	92	0.5287	2.2662
8:124279728	2	1	0.3333	2.1473	16	0	0	2.18	22	5	0.1852	2.0997	15	0	0	2.2634	12	0	0	2.2431	29	2	0.0645	2	14	1	0.0667	2.0946	22	3	0.12	2.1271	27	0	0	2.1726	25	1	0.0385	2.1903
8:133622253	8	3	0.2727	2.5975	17	6	0.2609	4	7	1	0.125	2.4827	17	6	0.2609	3.0001	15	6	0.2857	3.0001	19	8	0.2963	3.0001	6	6	0.5	3.0001	11	2	0.1538	3.0001	18	18	0.5	2.5403	14	11	0.44	3.0001
8:140842136	5	0	0	1.9983	8	4	0.3333	1.916	3	1	0.25	1.815	3	1	0.25	1.8649	0	10	1	2.0092	6	1	0.1429	1.9156	3	3	0.5	1.9164	3	4	0.5714	1.9784	6	3	0.3333	1.9086	6	3	0.3333	1.9029
8:145732105	122	0	0	2.178	81	0	0	2.2487	64	0	0	2.1638	108	0	0	2.0515	90	0	0	2.5447	83	0	0	2.3309	132	1	0.0075	2.34	94	5	0.0505	2.5574	104	0	0	2.4233	95	22	0.188	2.2628
8:63768953	16	7	0.3043	2.3572	15	6	0.2857	2.3615	20	7	0.2593	2.1895	15	11	0.4231	2.3661	25	9	0.2647	2.5226	27	5	0.1563	2.4431	17	2	0.1053	2.2597	19	9	0.3214	2.3898	16	15	0.4839	2.2864	19	15	0.4412	2.1869
8:95738579	14	19	0.5758	2.2164	32	31	0.4921	2.3147	42	9	0.1765	2.1706	37	18	0.3273	2.2493	38	12	0.24	2.2529	60	22	0.2683	2.3035	46	19	0.2923	2.2009	41	10	0.1961	2.2218	28	18	0.3913	2.2732	47	42	0.4719	2.2058
9:131079674	9	23	0.7188	1.6039	6	15	0.7143	1.5202	26	5	0.1613	1.5234	23	16	0.4103	1.6166	13	15	0.5357	1.6208	20	21	0.5122	1.6355	19	31	0.62	1.5834	18	11	0.3793	1.6238	20	13	0.3939	1.5215	26	11	0.2973	1.5323
9:140851169	105	41	0.2808	1.5811	50	17	0.2537	1.4211	42	27	0.3913	1.3839	82	29	0.2613	1.4943	40	22	0.3548	1.4937	65	29	0.3085	1.4042	63	46	0.422	1.4476	56	26	0.3171	1.5403	61	23	0.2738	1.3267	60	89	0.5973	1.4079
X:100273837	14	2	0.125	1.8987	19	2	0.0952	2.8733	24	2	0.0769	2.726	8	0	0	2.7175	6	2	0.25	2.8881	16	0	0	2.8993	15	0	0	2.7213	13	2	0.1333	2.6801	14	0	0	2.1391	11	1	0.0833	2.8554
X:15870503	38	0	0	3.0001	41	0	0	3.312	17	0	0	3.7156	28	0	0	2	24	0	0	3.0001	44	0	0	3.0001	22	0	0	3.0001	22	2	0.0833	3.0001	22	1	0.0435	3.0001	40	10	0.2	3.0001
X:99887416	12	2	0.1429	2.2628	46	2	0.0417	3.3592	47	2	0.0408	3.351	44	5	0.102	3.0001	32	4	0.1111	3.0001	52	2	0.037	3.0001	46	6	0.1154	3.0001	35	3	0.0789	3.0001	32	3	0.0857	2.602	45	4	0.0816	3.0001
